   1  H                      1       0
   2  H+                     1       1
   3  H2+                    2       1
   4  H3+                    3       1
   5  He+                    4       1
   6  He                     4       0
   7  C+                    12       1
   8  C                     12       0
   9  CH2+                  14       1
  10  O+                    16       1
  11  O                     16       0
  12  OH+                   17       1
  13  OH                    17       0
  14  H2O                   18       0
  15  H2O+                  18       1
  16  H3O+                  19       1
  17  Mg+                   24       1
  18  Mg                    24       0
  19  CO+                   28       1
  20  CO                    28       0
  21  HCO                   29       0
  22  HCO+                  29       1
  23  O2+                   32       1
  24  O2                    32       0
  25  O2H+                  33       1
  26  e-              0.00E+00      -1
  27  H2              2.00E+00       0
  28  Gs1c-1                 0      -1
  29  Gs1c0                  0       0
  30  Gs1c+1                 0       1
